		Py28	Py62	Py69	Py30	Py55	Py57
1.2_A	1	1	1	1	1	-9	-9
1.2_A	1	1	2	2	2	-9	-9
1.2_B	1	2	1	1	1	1	1
1.2_B	1	2	2	2	2	2	1
1.3_A	1	2	1	1	1	-9	1
1.3_A	1	2	2	2	2	-9	1
1.3_B	1	-9	1	-9	1	2	1
1.3_B	1	-9	2	-9	2	2	1
1.3_C	1	2	1	1	1	2	1
1.3_C	1	2	2	2	2	2	1
1.9_A	1	1	1	-9	-9	-9	-9
1.9_A	1	1	2	-9	-9	-9	-9
1.9_C	1	2	1	1	1	1	1
1.9_C	1	2	2	2	2	2	1
1.11_A	1	2	1	1	1	1	1
1.11_A	1	2	2	2	2	2	1
1.11_B	1	1	1	1	1	1	1
1.11_B	1	1	2	2	2	2	1
1.11_C	1	2	1	1	1	1	1
1.11_C	1	2	2	2	2	2	1
1.13_A	1	2	1	1	1	2	1
1.13_A	1	2	2	2	2	2	1
1.13_C	1	2	1	1	1	1	1
1.13_C	1	2	2	2	1	2	1
1.17_B	1	2	1	1	1	1	1
1.17_B	1	2	2	2	2	2	1
1.17_C	1	2	1	1	1	1	1
1.17_C	1	2	2	2	2	2	1
1.18_A	1	2	1	1	1	1	1
1.18_A	1	2	2	2	2	2	1
1.18_B	1	1	1	1	1	1	1
1.18_B	1	1	2	1	2	2	1
1.22_A	1	1	1	1	1	1	1
1.22_A	1	1	2	2	2	2	1
1.22_C	1	2	1	-9	1	1	1
1.22_C	1	2	2	-9	2	2	1
1.27_B	1	2	1	1	1	1	1
1.27_B	1	2	2	2	2	2	1
1.27_C	1	2	1	1	1	1	1
1.27_C	1	2	2	2	2	2	1
1.31_A	1	2	1	1	1	1	1
1.31_A	1	2	2	1	2	2	1
1.31_C	1	2	1	1	1	1	1
1.31_C	1	3	2	2	2	1	2
1.43_B	1	2	1	1	1	1	1
1.43_B	1	2	2	2	2	2	1
1.44_A	1	1	1	1	1	-9	1
1.44_A	1	1	2	2	2	-9	1
1.44_B	1	1	1	1	1	1	1
1.44_B	1	1	2	2	2	2	1
1.44_C	1	2	1	1	1	1	1
1.44_C	1	2	2	2	2	2	1
1.45_B	1	2	1	1	1	1	1
1.45_B	1	2	2	2	2	2	1
1.45_C	1	2	1	1	1	1	1
1.45_C	1	2	2	2	2	2	1
1.49_A	1	2	1	1	1	1	1
1.49_A	1	2	2	2	2	2	1
1.49_B	1	2	1	1	1	1	1
1.49_B	1	2	2	2	2	2	1
1.49_C	1	-9	1	1	1	1	1
1.49_C	1	-9	2	2	2	2	1
1.55_A	1	1	1	-9	-9	-9	-9
1.55_A	1	1	2	-9	-9	-9	-9
1.56_A	1	-9	1	1	1	1	1
1.56_A	1	-9	2	2	1	2	1
1.56_B	1	2	1	1	1	2	1
1.56_B	1	2	2	2	2	2	1
1.56_C	1	2	1	1	1	2	1
1.56_C	1	2	2	2	2	2	1
1.57_A	1	2	1	1	1	1	1
1.57_A	1	2	2	2	2	2	3
1.57_B	1	2	1	1	1	1	1
1.57_B	1	2	2	2	2	2	1
1.58_A	1	2	1	1	1	1	1
1.58_A	1	2	2	2	2	2	1
1.58_B	1	2	1	-9	-9	1	1
1.58_B	1	2	2	-9	-9	2	1
1.58_C	1	-9	1	-9	1	-9	1
1.58_C	1	-9	2	-9	3	-9	1
1.59_A	1	-9	1	1	1	-9	2
1.59_A	1	-9	1	1	1	-9	2
1.59_B	1	3	1	1	1	1	2
1.59_B	1	3	1	1	1	1	2
1.60_A	1	2	1	1	1	3	1
1.60_A	1	2	2	2	2	3	1
1.61_B	1	4	1	1	1	1	2
1.61_B	1	5	1	1	1	1	2
1.61_C	1	4	1	-9	1	-9	-9
1.61_C	1	5	1	-9	3	-9	-9
2.3_A	1	3	1	1	1	3	1
2.3_A	1	6	1	2	3	4	1
2.3_B	1	3	1	1	1	3	1
2.3_B	1	6	1	2	3	4	1
2.4_A	1	4	1	1	1	3	1
2.4_A	1	5	1	2	3	4	1
2.4_B	1	-9	1	1	1	1	1
2.4_B	1	-9	1	2	3	2	1
2.5_A	1	3	1	1	1	-9	1
2.5_A	1	3	1	2	3	-9	1
2.5_C	1	3	1	1	1	-9	1
2.5_C	1	3	1	2	3	-9	1
2.8_B	1	3	1	1	1	3	1
2.8_B	1	6	1	2	3	4	1
2.8_C	1	3	1	1	1	-9	1
2.8_C	1	6	1	2	3	-9	1
2.14_A	1	3	1	-9	1	3	1
2.14_A	1	6	1	-9	3	4	1
2.14_C	1	4	1	-9	1	-9	1
2.14_C	1	4	1	-9	3	-9	1
2.17_A	1	4	1	-9	1	-9	1
2.17_A	1	5	1	-9	3	-9	1
2.17_B	1	3	1	1	1	3	1
2.17_B	1	6	1	2	3	4	1
2.30_A	1	-9	1	-9	-9	-9	-9
2.30_A	1	-9	1	-9	-9	-9	-9
2.30_B	1	3	1	1	1	-9	1
2.30_B	1	6	1	2	3	-9	1
2.30_C	1	3	1	1	1	3	1
2.30_C	1	6	1	2	3	4	1
2.33_A	1	3	1	1	1	-9	1
2.33_A	1	6	1	2	3	-9	1
2.33_C	1	3	1	1	1	3	1
2.33_C	1	6	1	2	3	4	1
2.34_C	1	3	1	1	1	3	1
2.34_C	1	6	1	2	3	4	1
2.35_A	1	3	1	1	1	3	1
2.35_A	1	3	1	2	3	4	1
2.35_B	1	3	1	1	1	3	1
2.35_B	1	6	1	2	3	4	1
2.35_C	1	3	1	1	1	3	1
2.35_C	1	6	1	2	3	5	1
2.39_B	1	3	1	1	1	3	1
2.39_B	1	6	1	2	3	4	1
2.44_A	1	3	1	1	1	3	1
2.44_A	1	6	1	2	3	4	1
2.44_B	1	3	1	1	1	3	1
2.44_B	1	6	1	2	3	4	1
2.44_C	1	3	1	1	1	3	1
2.44_C	1	3	1	2	3	4	1
2.45_A	1	4	1	1	-9	-9	-9
2.45_A	1	5	1	2	-9	-9	-9
2.45_B	1	3	1	1	1	3	1
2.45_B	1	6	1	2	3	4	1
2.45_C	1	4	1	1	1	-9	1
2.45_C	1	5	1	2	3	-9	1
2.48_B	1	2	1	1	1	1	1
2.48_B	1	2	2	2	2	2	1
2.49_A	1	3	1	1	1	3	1
2.49_A	1	6	1	2	3	4	1
2.49_B	1	3	1	1	1	3	1
2.49_B	1	6	1	2	3	4	1
2.52_C	1	3	1	1	1	3	1
2.52_C	1	6	1	2	3	4	2
2.54_B	1	4	1	1	1	3	1
2.54_B	1	5	1	2	3	4	1
2.54_C	1	3	1	1	1	-9	1
2.54_C	1	6	1	2	3	-9	2
4.2_A	1	3	1	1	1	3	2
4.2_A	1	3	1	1	1	3	2
4.2_C	1	3	1	1	1	3	2
4.2_C	1	3	1	1	1	3	2
4.21_B	1	3	1	-9	1	3	2
4.21_B	1	3	1	-9	1	3	2
4.21_C	1	3	1	1	1	3	2
4.21_C	1	3	1	1	1	3	2
12.3_B	1	3	1	1	1	3	1
12.3_B	1	6	1	2	3	4	2
12.3_C	1	-9	1	1	1	3	1
12.3_C	1	-9	1	2	3	4	2
15.1_A	1	4	1	1	1	-9	2
15.1_A	1	4	1	1	1	-9	2
16.3_B	1	3	1	1	1	1	1
16.3_B	1	3	2	2	2	1	2
16.3_C	1	2	2	1	1	-9	1
16.3_C	1	3	2	2	2	-9	2
19.5_B	1	-9	1	-9	-9	-9	-9
19.5_B	1	-9	1	-9	-9	-9	-9
19.50_B	1	4	1	1	1	3	-9
19.50_B	1	4	1	1	1	3	-9
23.5_A	1	3	1	1	1	1	2
23.5_A	1	3	1	1	1	1	2
23.5_B	1	-9	1	1	1	1	2
23.5_B	1	-9	1	1	1	1	2
23.5_C	1	1	1	1	1	1	2
23.5_C	1	4	1	1	1	1	2
23.9_B	1	4	1	1	1	1	2
23.9_B	1	4	1	1	1	1	2
23.9_C	1	4	1	1	1	1	2
23.9_C	1	4	1	1	1	1	2
23.15_B	1	1	1	1	1	1	2
23.15_B	1	4	1	1	1	1	2
23.16_C	1	4	1	1	1	1	2
23.16_C	1	4	1	1	1	1	2
23.17_A	1	4	1	1	1	1	2
23.17_A	1	4	1	1	1	1	2
23.17_C	1	4	1	1	1	1	2
23.17_C	1	4	1	1	1	1	2
23.18_B	1	4	1	1	1	1	2
23.18_B	1	4	1	1	1	1	2
23.19_A	1	4	1	1	1	1	2
23.19_A	1	4	1	1	1	1	2
23.19_C	1	4	1	1	1	1	2
23.19_C	1	4	1	1	1	1	2
24.3_A	1	4	1	2	2	1	1
24.3_A	1	4	3	2	2	6	1
24.3_B	1	4	1	2	2	1	1
24.3_B	1	4	3	2	2	6	1
24.3_C	1	1	1	2	2	1	1
24.3_C	1	4	3	2	2	6	1
24.13_B	1	1	1	2	2	1	1
24.13_B	1	4	3	2	2	6	1
24.13_C	1	4	1	2	2	1	1
24.13_C	1	4	3	2	2	6	1
24.16_C	1	1	1	2	2	1	1
24.16_C	1	4	3	2	2	6	1
28.13_B	1	1	1	1	1	1	2
28.13_B	1	4	1	1	1	1	2
28.13_C	1	4	1	1	1	1	2
28.13_C	1	4	1	1	1	1	2
29.1_A	1	1	1	2	1	1	1
29.1_A	1	1	2	2	2	2	1
29.1_B	1	1	1	2	1	1	1
29.1_B	1	1	2	2	2	2	1
29.1_C	1	1	1	2	1	1	1
29.1_C	1	1	2	2	2	2	1
29.4_A	1	4	1	1	1	1	2
29.4_A	1	4	1	1	1	1	2
29.4_B	1	4	1	1	1	1	2
29.4_B	1	4	1	1	1	1	2
29.4_C	1	4	1	1	1	1	2
29.4_C	1	4	1	1	1	1	2
29.9_A	1	4	1	1	1	1	2
29.9_A	1	4	1	1	1	1	2
29.9_B	1	4	1	1	1	1	2
29.9_B	1	4	1	1	1	1	2
29.9_C	1	4	1	1	1	1	2
29.9_C	1	4	1	1	1	1	2
29.10_A	1	1	1	1	1	1	-9
29.10_A	1	1	2	2	2	2	-9
29.10_C	1	1	1	1	1	1	1
29.10_C	1	1	2	2	2	2	1
30.1_C	1	4	1	1	1	3	1
30.1_C	1	4	1	2	3	4	1
30.9_A	1	4	1	1	1	3	1
30.9_A	1	4	1	2	3	4	1
30.9_B	1	1	1	1	1	3	1
30.9_B	1	4	1	2	3	4	1
30.9_C	1	4	1	1	1	3	1
30.9_C	1	4	1	2	3	4	1
30.10_A	1	4	1	1	1	3	1
30.10_A	1	5	1	2	3	4	1
30.10_B	1	4	1	1	1	3	1
30.10_B	1	5	1	2	3	4	1
30.10_C	1	1	1	1	1	1	1
30.10_C	1	1	2	2	1	2	1
30.11_B	1	1	1	1	1	1	1
30.11_B	1	1	2	2	1	2	1
30.11_C	1	1	1	1	-9	1	1
30.11_C	1	1	2	2	-9	2	1
30.12_B	1	1	1	1	1	3	1
30.12_B	1	4	1	2	3	4	1
30.12_C	1	4	1	1	1	3	1
30.12_C	1	4	1	2	3	4	1
30.13_A	1	1	1	1	1	1	1
30.13_A	1	1	2	2	1	2	1
30.13_C	1	1	1	1	1	1	1
30.13_C	1	1	2	2	1	2	1
30.15_A	1	4	1	1	1	3	1
30.15_A	1	5	1	2	3	4	1
30.15_B	1	1	1	1	1	3	1
30.15_B	1	4	1	2	3	4	1
30.15_C	1	4	1	1	1	3	1
30.15_C	1	5	1	2	3	4	1
30.16_A	1	1	2	-9	1	1	1
30.16_A	1	1	2	-9	1	2	1
30.16_C	1	1	1	1	1	1	1
30.16_C	1	1	2	2	1	2	1
30.18_A	1	1	1	1	1	1	1
30.18_A	1	4	2	2	1	2	1
30.18_B	1	1	1	1	-9	-9	-9
30.18_B	1	4	2	2	-9	-9	-9
30.18_C	1	1	1	1	1	1	1
30.18_C	1	1	2	2	1	2	1
30.19_A	1	4	1	1	1	3	1
30.19_A	1	5	1	2	3	4	1
30.19_B	1	1	1	1	1	3	1
30.19_B	1	4	1	2	3	4	1
30.19_C	1	4	1	1	1	3	1
30.19_C	1	5	1	2	3	4	1
30.23_A	1	1	1	1	1	1	1
30.23_A	1	4	2	2	2	1	2
30.23_B	1	1	1	1	1	1	1
30.23_B	1	4	2	2	2	1	2
30.23_C	1	1	1	1	1	1	1
30.23_C	1	4	2	2	2	1	2
30.24_A	1	2	1	1	1	3	1
30.24_A	1	3	1	2	3	4	1
30.24_B	1	3	1	1	1	3	1
30.24_B	1	6	1	2	3	4	1
30.24_C	1	3	1	1	1	3	1
30.24_C	1	6	1	2	3	4	1
30.26_A	1	2	1	1	1	1	1
30.26_A	1	3	2	2	2	1	2
30.34_A	1	3	1	1	1	3	1
30.34_A	1	6	1	2	1	4	1
30.34_B	1	3	1	1	1	3	1
30.34_B	1	6	1	2	3	4	1
30.34_C	1	3	1	1	1	3	1
30.34_C	1	6	1	2	3	4	1
39.12_A	1	3	1	1	1	3	1
39.12_A	1	6	1	2	3	4	2
40.19_A	1	3	1	1	1	1	2
40.19_A	1	3	1	1	1	1	2
40.19_B	1	3	1	1	1	-9	2
40.19_B	1	3	1	1	1	-9	2
41.6_C	1	3	1	1	1	-9	2
41.6_C	1	3	1	1	1	-9	2
41.7_A	1	3	1	1	1	3	2
41.7_A	1	3	1	1	1	3	2
41.7_B	1	-9	1	1	1	3	2
41.7_B	1	-9	1	1	1	3	2
41.7_C	1	3	1	1	1	3	2
41.7_C	1	3	1	1	1	3	2
42.26_A	1	2	1	1	1	1	1
42.26_A	1	2	2	2	2	2	1
42.27_A	1	2	1	1	1	1	1
42.27_A	1	2	2	2	2	2	1
42.27_B	1	-9	1	1	1	1	1
42.27_B	1	-9	2	2	2	2	1
42.27_C	1	-9	1	1	-9	1	1
42.27_C	1	-9	2	2	-9	2	1
